Versuchsteilnehmer 1: LHJG
Versuchsteilnehmer 2: Arne Bolsenkötter
Versuch: Supraleitung
Startzeit: 18.09.2025 13:18:54
Stoppzeit: 18.09.2025 13:25:02
Probennummer: 
Gatespannung: 
Sweeprate: 
Strom: 
Magnetfeld: 
Temperatur: 
Bemerkung: 
Kommentar: 

Zeit/s          	U_AB (V)          	U_p (V)          	U_Probe (V)          	U_Spule (V)
0,000000000000	0,015396950000	0,287176980000	0,000074695000	0,000004835000
1,000000000000	0,015398088000	0,287147390000	0,000074841000	0,000004929000
2,000000000000	0,015399530000	0,287097800000	0,000074632000	0,000004742000
3,000000000000	0,015400950000	0,287091270000	0,000075386000	0,000004721000
4,000000000000	0,015405189000	0,287032090000	0,000074391000	0,000004721000
5,000000000000	0,015402815000	0,287139430000	0,000074873000	0,000004908000
6,000000000000	0,015394327000	0,287340450000	0,000074904000	0,000004887000
7,000000000000	0,015389155000	0,287475550000	0,000074988000	0,000004628000
8,000000000000	0,015388863000	0,287583920000	0,000074747000	0,000004794000
9,000000000000	0,015389307000	0,287650860000	0,000074820000	0,000004866000
10,000000000000	0,015385838000	0,287763720000	0,000074632000	0,000004846000
11,000000000000	0,015379160000	0,287858210000	0,000074820000	0,000004659000
12,000000000000	0,015383551000	0,287907190000	0,000074506000	0,000004711000
13,000000000000	0,015384624000	0,287938000000	0,000075040000	0,000004981000
14,000000000000	0,015377024000	0,287962490000	0,000073952000	0,000004566000
15,000000000000	0,015382380000	0,287892290000	0,000075061000	0,000026013000
16,000000000000	0,015385675000	0,287869430000	0,000074747000	0,000038454000
17,000000000000	0,015382542000	0,287788620000	0,000074810000	0,000038091000
18,000000000000	0,015389903000	0,287742080000	0,000075145000	0,000038569000
19,000000000000	0,015384949000	0,287726780000	0,000074904000	0,000039139000
20,000000000000	0,015387963000	0,287731680000	0,000075365000	0,000039347000
21,000000000000	0,015389643000	0,287630860000	0,000075658000	0,000040032000
22,000000000000	0,015389513000	0,287540860000	0,000075407000	0,000040208000
23,000000000000	0,015392451000	0,287521680000	0,000075082000	0,000040779000
24,000000000000	0,015393730000	0,287426370000	0,000075501000	0,000041194000
25,000000000000	0,015398208000	0,287366170000	0,000075543000	0,000041609000
26,000000000000	0,015395649000	0,287323310000	0,000075480000	0,000041962000
27,000000000000	0,015398988000	0,287245760000	0,000075459000	0,000042200000
28,000000000000	0,015401807000	0,287164130000	0,000075428000	0,000042781000
29,000000000000	0,015404441000	0,287061270000	0,000075700000	0,000043290000
30,000000000000	0,015407184000	0,286985960000	0,000075857000	0,000043425000
31,000000000000	0,015405005000	0,286978210000	0,000075459000	0,000043912000
32,000000000000	0,015404951000	0,287043110000	0,000075805000	0,000044421000
33,000000000000	0,015400235000	0,287132490000	0,000076119000	0,000044576000
34,000000000000	0,015401395000	0,287144940000	0,000075679000	0,000045116000
35,000000000000	0,015399975000	0,287226580000	0,000075365000	0,000045697000
36,000000000000	0,015394522000	0,287274330000	0,000076160000	0,000046102000
37,000000000000	0,015398023000	0,287347600000	0,000075700000	0,000046174000
38,000000000000	0,015396896000	0,287390450000	0,000076045000	0,000046984000
39,000000000000	0,015395389000	0,287435150000	0,000075501000	0,000047212000
40,000000000000	0,015392104000	0,287478820000	0,000075721000	0,000047202000
41,000000000000	0,015391660000	0,287595350000	0,000076485000	0,000047959000
42,000000000000	0,015394804000	0,287626780000	0,000076726000	0,000048364000
43,000000000000	0,015392397000	0,287692700000	0,000076307000	0,000048966000
44,000000000000	0,015388874000	0,287696370000	0,000076202000	0,000049266000
45,000000000000	0,015388472000	0,287710250000	0,000077166000	0,000049744000
46,000000000000	0,015389188000	0,287700660000	0,000076611000	0,000049930000
47,000000000000	0,015392841000	0,287654740000	0,000076789000	0,000050429000
48,000000000000	0,015395313000	0,287610860000	0,000076830000	0,000050792000
49,000000000000	0,015396809000	0,287567800000	0,000076307000	0,000051207000
50,000000000000	0,015394684000	0,287538210000	0,000077480000	0,000051445000
51,000000000000	0,015395964000	0,287454530000	0,000076297000	0,000052047000
52,000000000000	0,015398674000	0,287364740000	0,000077689000	0,000052442000
53,001000000000	0,015399465000	0,287300450000	0,000077532000	0,000053012000
54,000000000000	0,015398999000	0,287260040000	0,000077647000	0,000053375000
55,000000000000	0,015399270000	0,287205150000	0,000078945000	0,000053614000
56,000000000000	0,015403108000	0,287071270000	0,000087163000	0,000053884000
57,000000000000	0,015405894000	0,287015960000	0,000122726000	0,000054475000
58,000000000000	0,015408713000	0,286959230000	0,000138816000	0,000054787000
59,000000000000	0,015404832000	0,287005960000	0,000145516000	0,000055150000
60,000000000000	0,015402718000	0,287064530000	0,000151285000	0,000055772000
61,000000000000	0,015401644000	0,287104530000	0,000155535000	0,000056156000
62,000000000000	0,015400018000	0,287129840000	0,000162528000	0,000056447000
63,000000000000	0,015400441000	0,287154940000	0,000166988000	0,000056820000
64,000000000000	0,015396191000	0,287189430000	0,000167668000	0,000057204000
65,000000000000	0,015399628000	0,287221880000	0,000167637000	0,000057547000
66,000000000000	0,015396213000	0,287263510000	0,000167878000	0,000058200000
67,000000000000	0,015401178000	0,287253110000	0,000167940000	0,000058387000
68,000000000000	0,015400202000	0,287270860000	0,000168715000	0,000058844000
69,000000000000	0,015398977000	0,287308620000	0,000168767000	0,000059342000
70,000000000000	0,015397644000	0,287363510000	0,000168998000	0,000059612000
71,000000000000	0,015393839000	0,287362490000	0,000169050000	0,000060172000
72,000000000000	0,015397969000	0,287300450000	0,000168569000	0,000060639000
73,000000000000	0,015398652000	0,287309430000	0,000169260000	0,000060846000
74,000000000000	0,015401612000	0,287305150000	0,000169532000	0,000061137000
75,000000000000	0,015400441000	0,287264530000	0,000169019000	0,000061894000
76,000000000000	0,015398088000	0,287257190000	0,000169322000	0,000062185000
77,000000000000	0,015400354000	0,287156580000	0,000168809000	0,000061645000
78,000000000000	0,015402718000	0,287110450000	0,000169479000	0,000061542000
79,000000000000	0,015402956000	0,287116170000	0,000169280000	0,000060857000
80,000000000000	0,015403314000	0,287058620000	0,000169280000	0,000060815000
81,000000000000	0,015406002000	0,287038820000	0,000169490000	0,000059944000
82,000000000000	0,015408843000	0,287026580000	0,000168694000	0,000059549000
83,000000000000	0,015409970000	0,286981880000	0,000168987000	0,000059124000
84,000000000000	0,015409255000	0,286891680000	0,000168830000	0,000059062000
85,000000000000	0,015412344000	0,286875960000	0,000169123000	0,000058377000
86,000000000000	0,015411792000	0,286800050000	0,000168925000	0,000057941000
87,000000000000	0,015411987000	0,286818210000	0,000168590000	0,000057806000
88,000000000000	0,015413873000	0,286846170000	0,000168202000	0,000057391000
89,000000000000	0,015410252000	0,286899230000	0,000168537000	0,000056966000
90,000000000000	0,015411445000	0,286921270000	0,000167899000	0,000056374000
91,000000000000	0,015408106000	0,286932290000	0,000167951000	0,000055866000
92,000000000000	0,015409970000	0,286979230000	0,000167365000	0,000055648000
93,000000000000	0,015406523000	0,287079230000	0,000167438000	0,000055388000
94,000000000000	0,015405265000	0,287183720000	0,000166276000	0,000054631000
95,000000000000	0,015404615000	0,287204740000	0,000166046000	0,000054423000
96,000000000000	0,015405211000	0,287182900000	0,000165009000	0,000053801000
97,000000000000	0,015403184000	0,287196170000	0,000162256000	0,000053552000
98,000000000000	0,015402035000	0,287281680000	0,000157911000	0,000053344000
99,000000000000	0,015398956000	0,287338410000	0,000142313000	0,000052608000
100,000000000000	0,015402100000	0,287364940000	0,000138502000	0,000052172000
101,000000000000	0,015395129000	0,287382290000	0,000131143000	0,000051829000
102,000000000000	0,015400463000	0,287408210000	0,000120569000	0,000051477000
103,000000000000	0,015396918000	0,287442290000	0,000106489000	0,000051279000
104,000000000000	0,015398034000	0,287399020000	0,000100008000	0,000050148000
105,000000000000	0,015399498000	0,287444330000	0,000095182000	0,000050460000
106,000000000000	0,015396744000	0,287440250000	0,000082473000	0,000050190000
107,000000000000	0,015401525000	0,287445350000	0,000082641000	0,000049422000
108,000000000000	0,015397861000	0,287378820000	0,000082191000	0,000049225000
109,000000000000	0,015400853000	0,287338000000	0,000082222000	0,000048561000
110,000000000000	0,015401384000	0,287338410000	0,000076590000	0,000048084000
111,000000000000	0,015403054000	0,287305760000	0,000076495000	0,000047886000
112,000000000000	0,015403086000	0,287251070000	0,000076443000	0,000047419000
113,000000000000	0,015406870000	0,287194130000	0,000076401000	0,000047233000
114,000000000000	0,015406219000	0,287199840000	0,000075825000	0,000046724000
115,000000000000	0,015404897000	0,287154130000	0,000076297000	0,000046351000
116,000000000000	0,015408366000	0,287104130000	0,000075888000	0,000046102000
117,000000000000	0,015411000000	0,287025760000	0,000075333000	0,000045406000
118,001000000000	0,015412518000	0,286987190000	0,000075805000	0,000045106000
119,000000000000	0,015410035000	0,286956780000	0,000075742000	0,000044597000
120,000000000000	0,015410566000	0,286972700000	0,000075511000	0,000044441000
121,000000000000	0,015414198000	0,286918000000	0,000075281000	0,000043975000
122,000000000000	0,015415174000	0,286895960000	0,000075093000	0,000043352000
123,000000000000	0,015416562000	0,286895560000	0,000075281000	0,000043155000
124,000000000000	0,015413895000	0,286897390000	0,000075459000	0,000042844000
125,000000000000	0,015413147000	0,286924540000	0,000075449000	0,000042065000
126,000000000000	0,015411098000	0,286981880000	0,000075490000	0,000041858000
127,000000000000	0,015409981000	0,287045960000	0,000075386000	0,000041609000
128,000000000000	0,015409406000	0,287103920000	0,000075271000	0,000040976000
129,000000000000	0,015407932000	0,287112700000	0,000075564000	0,000040779000
130,000000000000	0,015407021000	0,287194530000	0,000075271000	0,000040395000
131,000000000000	0,015405016000	0,287228410000	0,000075386000	0,000039762000
132,000000000000	0,015405439000	0,287245350000	0,000074768000	0,000039554000
133,000000000000	0,015403617000	0,287352290000	0,000074967000	0,000039181000
134,000000000000	0,015403205000	0,287384940000	0,000075595000	0,000038818000
135,000000000000	0,015402197000	0,287442900000	0,000074611000	0,000038288000
136,000000000000	0,015400452000	0,287495550000	0,000074245000	0,000037873000
137,000000000000	0,015400506000	0,287466580000	0,000075135000	0,000038257000
138,000000000000	0,015401221000	0,287466980000	0,000075197000	0,000038475000
139,000000000000	0,015398761000	0,287487390000	0,000074611000	0,000041007000
140,000000000000	0,015401352000	0,287472290000	0,000075281000	0,000039668000
141,000000000000	0,015401070000	0,287493310000	0,000074674000	0,000039969000
142,000000000000	0,015401818000	0,287489840000	0,000075019000	0,000040270000
143,000000000000	0,015401915000	0,287508000000	0,000075250000	0,000040498000
144,000000000000	0,015399996000	0,287550250000	0,000075197000	0,000041080000
145,000000000000	0,015398067000	0,287531470000	0,000075459000	0,000041318000
146,000000000000	0,015398609000	0,287524940000	0,000075941000	0,000041941000
147,001000000000	0,015398533000	0,287497800000	0,000074328000	0,000042148000
148,000000000000	0,015401839000	0,287520250000	0,000075449000	0,000042501000
149,000000000000	0,015400300000	0,287519020000	0,000075459000	0,000043113000
150,000000000000	0,015400354000	0,287463720000	0,000076014000	0,000043352000
151,000000000000	0,015400539000	0,287438620000	0,000075679000	0,000043746000
152,000000000000	0,015400539000	0,287423310000	0,000075962000	0,000044234000
153,000000000000	0,015401254000	0,287402900000	0,000076223000	0,000044680000
154,000000000000	0,015403010000	0,287337390000	0,000076014000	0,000044991000
155,000000000000	0,015403119000	0,287348820000	0,000075417000	0,000045552000
156,000000000000	0,015407108000	0,287296370000	0,000075857000	0,000045780000
157,000000000000	0,015406750000	0,287259430000	0,000076150000	0,000046351000
158,000000000000	0,015407488000	0,287222290000	0,000075888000	0,000046517000
159,001000000000	0,015410382000	0,287161880000	0,000076265000	0,000047305000
160,000000000000	0,015412323000	0,287118820000	0,000076244000	0,000047471000
161,000000000000	0,015413147000	0,287080450000	0,000076160000	0,000047907000
162,000000000000	0,015410957000	0,287101880000	0,000076349000	0,000048208000
163,000000000000	0,015411380000	0,287105760000	0,000076485000	0,000048872000
164,000000000000	0,015409883000	0,287112700000	0,000076485000	0,000049038000
165,000000000000	0,015414166000	0,287121470000	0,000076412000	0,000049650000
166,000000000000	0,015411271000	0,287087800000	0,000076935000	0,000049930000
167,000000000000	0,015409916000	0,287092090000	0,000076579000	0,000050480000
168,000000000000	0,015411293000	0,287108820000	0,000077176000	0,000050740000
169,000000000000	0,015410241000	0,287113510000	0,000076841000	0,000051165000
170,000000000000	0,015410469000	0,287117190000	0,000077542000	0,000051508000
171,000000000000	0,015410697000	0,287106170000	0,000076380000	0,000052026000
172,000000000000	0,015410198000	0,287118000000	0,000076904000	0,000052379000
173,000000000000	0,015411976000	0,287062290000	0,000077626000	0,000052618000
174,000000000000	0,015414209000	0,287006980000	0,000077354000	0,000053241000
175,000000000000	0,015413309000	0,287018620000	0,000078464000	0,000053490000
176,000000000000	0,015414426000	0,286962090000	0,000085949000	0,000054060000
177,000000000000	0,015413288000	0,286994130000	0,000119177000	0,000054392000
178,001000000000	0,015414860000	0,286967800000	0,000137550000	0,000054963000
179,000000000000	0,015414513000	0,286942090000	0,000144134000	0,000055202000
180,000000000000	0,015417125000	0,286951680000	0,000150625000	0,000055627000
181,000000000000	0,015414946000	0,286963110000	0,000155043000	0,000055814000
182,000000000000	0,015417147000	0,286957800000	0,000161439000	0,000056187000
183,000000000000	0,015414307000	0,286923110000	0,000167145000	0,000056789000
184,000000000000	0,015414155000	0,287012090000	0,000167176000	0,000057287000
185,000000000000	0,015411813000	0,287130450000	0,000167658000	0,000057661000
186,000000000000	0,015406978000	0,287213720000	0,000167762000	0,000058138000
187,000000000000	0,015405406000	0,287321470000	0,000167825000	0,000058595000
188,000000000000	0,015404138000	0,287394330000	0,000167940000	0,000058958000
189,000000000000	0,015400441000	0,287435760000	0,000168370000	0,000059331000
190,000000000000	0,015403303000	0,287422290000	0,000168987000	0,000059798000
191,000000000000	0,015402815000	0,287452490000	0,000169155000	0,000060276000
192,000000000000	0,015401926000	0,287496780000	0,000169437000	0,000060400000
193,001000000000	0,015398902000	0,287566980000	0,000169113000	0,000060888000
194,000000000000	0,015400278000	0,287598620000	0,000169469000	0,000061303000
195,000000000000	0,015399595000	0,287558620000	0,000169500000	0,000061728000
196,000000000000	0,015400235000	0,287595350000	0,000169385000	0,000062330000
197,000000000000	0,015402219000	0,287604530000	0,000169176000	0,000061645000
198,000000000000	0,015400766000	0,287592490000	0,000169123000	0,000061261000
199,001000000000	0,015399671000	0,287594530000	0,000168956000	0,000061085000
200,000000000000	0,015399747000	0,287570660000	0,000168914000	0,000060597000
201,000000000000	0,015401731000	0,287564740000	0,000169312000	0,000059944000
202,000000000000	0,015402826000	0,287529640000	0,000168925000	0,000059881000
203,000000000000	0,015401547000	0,287517600000	0,000168663000	0,000059529000
204,000000000000	0,015402273000	0,287551680000	0,000169144000	0,000058823000
205,000000000000	0,015403195000	0,287472700000	0,000169301000	0,000058470000
206,000000000000	0,015403260000	0,287445550000	0,000168673000	0,000058117000
207,000000000000	0,015404040000	0,287388820000	0,000168935000	0,000057962000
208,000000000000	0,015406002000	0,287356780000	0,000167815000	0,000057194000
209,000000000000	0,015407217000	0,287409020000	0,000168631000	0,000056883000
210,000000000000	0,015403682000	0,287399640000	0,000167961000	0,000056582000
211,000000000000	0,015403162000	0,287434740000	0,000168213000	0,000056135000
212,000000000000	0,015405330000	0,287396980000	0,000168077000	0,000055679000
213,000000000000	0,015403281000	0,287448000000	0,000168150000	0,000055337000
214,000000000000	0,015406198000	0,287471880000	0,000166862000	0,000054963000
215,000000000000	0,015403476000	0,287441270000	0,000166402000	0,000054289000
216,000000000000	0,015404626000	0,287453110000	0,000165438000	0,000053956000
217,000000000000	0,015405417000	0,287407800000	0,000162465000	0,000053697000
218,000000000000	0,015405525000	0,287392290000	0,000157419000	0,000053095000
219,000000000000	0,015406620000	0,287381470000	0,000152541000	0,000052763000
220,000000000000	0,015407314000	0,287304130000	0,000144093000	0,000052431000
221,000000000000	0,015407618000	0,287307600000	0,000136272000	0,000051964000
222,001000000000	0,015407921000	0,287351070000	0,000125908000	0,000051767000
223,000000000000	0,015406902000	0,287402900000	0,000112424000	0,000051103000
224,000000000000	0,015404918000	0,287418000000	0,000106353000	0,000050563000
225,000000000000	0,015405937000	0,287446780000	0,000100218000	0,000050263000
226,000000000000	0,015404387000	0,287480860000	0,000082337000	0,000049464000
227,000000000000	0,015404051000	0,287506170000	0,000082243000	0,000049401000
228,000000000000	0,015404517000	0,287504740000	0,000082630000	0,000049017000
229,000000000000	0,015404029000	0,287473920000	0,000082159000	0,000048727000
230,000000000000	0,015406078000	0,287464740000	0,000081950000	0,000048447000
231,000000000000	0,015405504000	0,287441680000	0,000075983000	0,000048001000
232,000000000000	0,015404365000	0,287467190000	0,000076140000	0,000047637000
233,000000000000	0,015404398000	0,287476370000	0,000076045000	0,000047222000
234,000000000000	0,015403563000	0,287507190000	0,000076359000	0,000046486000
235,000000000000	0,015404485000	0,287544740000	0,000074883000	0,000046434000
236,000000000000	0,015403975000	0,287561880000	0,000076077000	0,000045915000
237,000000000000	0,015404344000	0,287557600000	0,000075983000	0,000045438000
238,000000000000	0,015403401000	0,287585960000	0,000075920000	0,000045126000
239,000000000000	0,015401059000	0,287627190000	0,000075710000	0,000044462000
240,000000000000	0,015399140000	0,287665150000	0,000075689000	0,000044587000
241,000000000000	0,015400972000	0,287656370000	0,000075459000	0,000043975000
242,000000000000	0,015400842000	0,287691060000	0,000075239000	0,000043570000
243,000000000000	0,015400831000	0,287687190000	0,000075354000	0,000043155000
244,000000000000	0,015401406000	0,287614530000	0,000075082000	0,000042584000
245,000000000000	0,015400810000	0,287616980000	0,000075951000	0,000042190000
246,000000000000	0,015400614000	0,287597190000	0,000075857000	0,000042034000
247,000000000000	0,015400506000	0,287639640000	0,000075281000	0,000041536000
248,000000000000	0,015399715000	0,287636570000	0,000075574000	0,000041308000
249,000000000000	0,015400636000	0,287632290000	0,000075271000	0,000040789000
250,000000000000	0,015400766000	0,287626570000	0,000075375000	0,000040322000
251,000000000000	0,015402425000	0,287577390000	0,000074705000	0,000039845000
252,000000000000	0,015403401000	0,287547190000	0,000075522000	0,000039378000
253,000000000000	0,015401482000	0,287568820000	0,000075689000	0,000039046000
254,000000000000	0,015404962000	0,287543720000	0,000074831000	0,000038672000
255,000000000000	0,015404149000	0,287523920000	0,000075292000	0,000038319000
256,000000000000	0,015403650000	0,287514130000	0,000075260000	0,000037458000
257,000000000000	0,015403260000	0,287494940000	0,000075103000	0,000038257000
258,000000000000	0,015405916000	0,287520040000	0,000074904000	0,000038485000
259,000000000000	0,015406609000	0,287495150000	0,000075114000	0,000039170000
260,000000000000	0,015406826000	0,287477600000	0,000075166000	0,000039606000
261,000000000000	0,015409363000	0,287417800000	0,000075511000	0,000039917000
262,000000000000	0,015406458000	0,287403510000	0,000075281000	0,000039949000
263,000000000000	0,015409027000	0,287403920000	0,000075333000	0,000040727000
264,000000000000	0,015408442000	0,287392290000	0,000075658000	0,000041370000
265,000000000000	0,015409341000	0,287292290000	0,000075805000	0,000041806000
266,000000000000	0,015411954000	0,287278410000	0,000075637000	0,000041962000
267,000000000000	0,015411239000	0,287273310000	0,000075637000	0,000042190000
268,000000000000	0,015411358000	0,287308210000	0,000075752000	0,000042698000
269,000000000000	0,015410220000	0,287314330000	0,000075082000	0,000043217000
270,000000000000	0,015410924000	0,287303510000	0,000075794000	0,000043736000
271,000000000000	0,015411499000	0,287299230000	0,000075763000	0,000043954000
272,000000000000	0,015412117000	0,287250660000	0,000075825000	0,000044317000
273,000000000000	0,015411271000	0,287255350000	0,000075836000	0,000044846000
274,000000000000	0,015412138000	0,287319020000	0,000075333000	0,000045323000
275,000000000000	0,015410718000	0,287298000000	0,000076213000	0,000045604000
276,000000000000	0,015411401000	0,287280660000	0,000076443000	0,000046143000
277,000000000000	0,015409743000	0,287313510000	0,000076003000	0,000046527000
278,000000000000	0,015410220000	0,287341470000	0,000076119000	0,000046828000
279,001000000000	0,015410024000	0,287361270000	0,000075920000	0,000047150000
280,000000000000	0,015409005000	0,287361880000	0,000075930000	0,000047554000
281,000000000000	0,015410653000	0,287329430000	0,000076181000	0,000048011000
282,000000000000	0,015412030000	0,287330250000	0,000075962000	0,000048488000
283,000000000000	0,015410881000	0,287319640000	0,000076443000	0,000048882000
284,000000000000	0,015411575000	0,287264740000	0,000076558000	0,000049152000
285,000000000000	0,015411423000	0,287245350000	0,000076715000	0,000049868000
286,000000000000	0,015413515000	0,287230450000	0,000076642000	0,000049827000
287,000000000000	0,015415456000	0,287199430000	0,000076318000	0,000050065000
288,000000000000	0,015414046000	0,287222290000	0,000076757000	0,000050906000
289,000000000000	0,015415532000	0,287200040000	0,000077417000	0,000051020000
290,000000000000	0,015413743000	0,287225350000	0,000077061000	0,000051798000
291,000000000000	0,015412160000	0,287306170000	0,000077511000	0,000051995000
292,000000000000	0,015409905000	0,287361680000	0,000077249000	0,000052431000
293,000000000000	0,015412691000	0,287311070000	0,000077794000	0,000052784000
294,000000000000	0,015410469000	0,287347800000	0,000077595000	0,000053209000
295,000000000000	0,015412648000	0,287336780000	0,000078746000	0,000053759000
296,000000000000	0,015413819000	0,287314740000	0,000086106000	0,000054102000
297,000000000000	0,015412507000	0,287313310000	0,000120286000	0,000054724000
298,000000000000	0,015413298000	0,287291070000	0,000137916000	0,000054828000
299,000000000000	0,015413233000	0,287248620000	0,000144490000	0,000055274000
300,000000000000	0,015413201000	0,287242290000	0,000150510000	0,000055752000
301,000000000000	0,015414252000	0,287200040000	0,000155880000	0,000056125000
302,000000000000	0,015413916000	0,287185560000	0,000162319000	0,000056436000
303,000000000000	0,015415803000	0,287191470000	0,000167061000	0,000056945000
304,000000000000	0,015415553000	0,287214940000	0,000167501000	0,000057225000
305,000000000000	0,015415532000	0,287240040000	0,000168275000	0,000057692000
306,000000000000	0,015415206000	0,287250450000	0,000168097000	0,000058128000
307,000000000000	0,015415109000	0,287231880000	0,000169092000	0,000058387000
308,000000000000	0,015413949000	0,287230250000	0,000168474000	0,000058885000
309,000000000000	0,015414827000	0,287180860000	0,000168883000	0,000059134000
310,000000000000	0,015413851000	0,287190660000	0,000168809000	0,000059850000
311,000000000000	0,015415141000	0,287167390000	0,000169375000	0,000060265000
312,000000000000	0,015413645000	0,287152090000	0,000169134000	0,000060473000
313,000000000000	0,015413916000	0,287140040000	0,000168663000	0,000061023000
314,000000000000	0,015414025000	0,287151470000	0,000169636000	0,000061375000
315,000000000000	0,015416291000	0,287146980000	0,000169500000	0,000061894000
316,000000000000	0,015414469000	0,287208820000	0,000169437000	0,000062247000
317,000000000000	0,015413255000	0,287256170000	0,000168851000	0,000061925000
318,000000000000	0,015411987000	0,287233920000	0,000169270000	0,000061427000
319,000000000000	0,015412420000	0,287215550000	0,000169375000	0,000061043000
320,000000000000	0,015412247000	0,287206980000	0,000169197000	0,000060369000
321,000000000000	0,015414339000	0,287222700000	0,000169469000	0,000060037000
322,000000000000	0,015412529000	0,287275150000	0,000169584000	0,000059767000
323,000000000000	0,015410783000	0,287356370000	0,000169417000	0,000059508000
324,000000000000	0,015409374000	0,287426170000	0,000169155000	0,000058947000
325,000000000000	0,015410675000	0,287427390000	0,000168945000	0,000058719000
326,000000000000	0,015410447000	0,287382900000	0,000168453000	0,000057868000
327,000000000000	0,015408008000	0,287365150000	0,000168767000	0,000057806000
328,000000000000	0,015409374000	0,287358210000	0,000168705000	0,000057360000
329,000000000000	0,015410577000	0,287466370000	0,000168391000	0,000056883000
330,000000000000	0,015408810000	0,287365960000	0,000168118000	0,000056478000
331,000000000000	0,015409255000	0,287361470000	0,000168244000	0,000055969000
332,000000000000	0,015412724000	0,287394740000	0,000167637000	0,000055752000
333,000000000000	0,015407997000	0,287439840000	0,000167260000	0,000055430000
334,001000000000	0,015411705000	0,287493310000	0,000166883000	0,000054942000
335,000000000000	0,015410480000	0,287429640000	0,000165334000	0,000054486000
336,000000000000	0,015409612000	0,287455760000	0,000164779000	0,000054392000
337,000000000000	0,015411987000	0,287457390000	0,000162612000	0,000053998000
338,000000000000	0,015409016000	0,287426780000	0,000159995000	0,000053272000
339,000000000000	0,015414231000	0,287418210000	0,000155388000	0,000052846000
340,000000000000	0,015409092000	0,287382490000	0,000147778000	0,000052535000
341,000000000000	0,015413743000	0,287401470000	0,000136639000	0,000052182000
342,000000000000	0,015409374000	0,287417390000	0,000132294000	0,000051643000
343,000000000000	0,015412680000	0,287416580000	0,000117418000	0,000051383000
344,000000000000	0,015409114000	0,287409020000	0,000106426000	0,000050792000
345,000000000000	0,015411716000	0,287422490000	0,000100019000	0,000050522000
346,000000000000	0,015409439000	0,287442900000	0,000082285000	0,000050065000
347,000000000000	0,015412746000	0,287463110000	0,000082306000	0,000049277000
348,000000000000	0,015409038000	0,287467190000	0,000082180000	0,000049121000
349,000000000000	0,015412637000	0,287484740000	0,000082075000	0,000048706000
350,000000000000	0,015408886000	0,287504530000	0,000081992000	0,000048457000
351,000000000000	0,015410230000	0,287452700000	0,000076077000	0,000048250000
352,000000000000	0,015412247000	0,287412290000	0,000076349000	0,000047399000
353,000000000000	0,015411249000	0,287383510000	0,000076140000	0,000047326000
354,000000000000	0,015415456000	0,287372490000	0,000075731000	0,000046807000
355,000000000000	0,015410144000	0,287397390000	0,000076150000	0,000046164000
356,000000000000	0,015411184000	0,287433510000	0,000075145000	0,000046122000
357,000000000000	0,015411184000	0,287487800000	0,000075637000	0,000045583000
358,000000000000	0,015408214000	0,287464130000	0,000075595000	0,000045282000
359,000000000000	0,015411759000	0,287443720000	0,000076045000	0,000044846000
360,000000000000	0,015411304000	0,287408210000	0,000075072000	0,000044400000
361,000000000000	0,015410870000	0,287351470000	0,000075030000	0,000043705000
362,000000000000	0,015414762000	0,287325150000	0,000074904000	0,000043310000
363,000000000000	0,015414675000	0,287271680000	0,000075470000	0,000043196000
364,000000000000	0,015412182000	0,287309430000	0,000074904000	0,000042927000
365,000000000000	0,015415575000	0,287321070000	0,000075585000	0,000042252000
366,000000000000	0,015413656000	0,287354940000	0,000075763000	0,000041775000
367,000000000000	0,015412344000	0,287320860000	0,000075061000	0,000041609000
