Versuchsteilnehmer 1: LHJGAB
Versuchsteilnehmer 2: 
Versuch: Supraleitung
Startzeit: 18.09.2025 13:35:37
Stoppzeit: 18.09.2025 13:41:54
Probennummer: 
Gatespannung: 
Sweeprate: 
Strom: 
Magnetfeld: 
Temperatur: 
Bemerkung: 
Kommentar: 

Zeit/s          	U_AB (V)          	U_p (V)          	U_Probe (V)          	U_Spule (V)
0,000000000000	0,018910187000	0,182750400000	0,000073303000	0,000028120000
1,000000000000	0,018909125000	0,182712030000	0,000072968000	0,000008747000
2,000000000000	0,018912041000	0,182695500000	0,000074800000	0,000005634000
3,000000000000	0,018913472000	0,182684890000	0,000074056000	0,000004981000
4,000000000000	0,018916486000	0,182651210000	0,000074737000	0,000004856000
5,000000000000	0,018916378000	0,182579990000	0,000074423000	0,000004949000
6,000000000000	0,018916454000	0,182624480000	0,000074506000	0,000004742000
7,000000000000	0,018917364000	0,182638560000	0,000074548000	0,000004659000
8,000000000000	0,018912572000	0,182650810000	0,000074622000	0,000004566000
9,000000000000	0,018917191000	0,182575700000	0,000074360000	0,000004711000
10,000000000000	0,018919359000	0,182537130000	0,000073460000	0,000027839000
11,000000000000	0,018918307000	0,182537340000	0,000075627000	0,000048063000
12,000000000000	0,018918752000	0,182526320000	0,000088587000	0,000067881000
13,000000000000	0,018917689000	0,182531010000	0,000075972000	0,000066501000
14,000000000000	0,018917765000	0,182548360000	0,000076024000	0,000066968000
15,000000000000	0,018923348000	0,182483460000	0,000076181000	0,000067767000
16,000000000000	0,018922047000	0,182474280000	0,000076181000	0,000068006000
17,001000000000	0,018922763000	0,182398970000	0,000076066000	0,000068089000
18,000000000000	0,018925820000	0,182392030000	0,000075920000	0,000068805000
19,000000000000	0,018926102000	0,182413660000	0,000076077000	0,000069147000
20,000000000000	0,018925083000	0,182437750000	0,000076119000	0,000069469000
21,000000000000	0,018922503000	0,182435910000	0,000077124000	0,000069977000
22,000000000000	0,018923988000	0,182428970000	0,000075941000	0,000070289000
23,000000000000	0,018925788000	0,182447740000	0,000076045000	0,000070766000
24,000000000000	0,018925593000	0,182439580000	0,000076087000	0,000071025000
25,000000000000	0,018926178000	0,182362640000	0,000076475000	0,000071274000
26,000000000000	0,018925593000	0,182415500000	0,000076433000	0,000071804000
27,000000000000	0,018921202000	0,182488150000	0,000076506000	0,000072188000
28,000000000000	0,018924682000	0,182446930000	0,000076558000	0,000072883000
29,000000000000	0,018924985000	0,182399380000	0,000076642000	0,000073194000
30,000000000000	0,018924248000	0,182344890000	0,000076443000	0,000073308000
31,000000000000	0,018923684000	0,182399170000	0,000077061000	0,000073900000
32,000000000000	0,018927511000	0,182351210000	0,000077029000	0,000074086000
33,000000000000	0,018926774000	0,182276110000	0,000077354000	0,000074699000
34,000000000000	0,018921874000	0,182301830000	0,000077061000	0,000075176000
35,000000000000	0,018931186000	0,182301420000	0,000077616000	0,000075435000
36,001000000000	0,018931176000	0,182277540000	0,000077595000	0,000075767000
37,000000000000	0,018929094000	0,182217750000	0,000078150000	0,000076618000
38,000000000000	0,018930981000	0,182225700000	0,000080317000	0,000076805000
39,000000000000	0,018934591000	0,182223460000	0,000092617000	0,000077811000
40,000000000000	0,018930883000	0,182247340000	0,000117795000	0,000077645000
41,000000000000	0,018929951000	0,182221420000	0,000134022000	0,000078102000
42,000000000000	0,018936184000	0,182181830000	0,000140470000	0,000078486000
43,000000000000	0,018931468000	0,182124070000	0,000145275000	0,000078766000
44,000000000000	0,018935740000	0,182151620000	0,000149159000	0,000079098000
45,000000000000	0,018934623000	0,182178560000	0,000152331000	0,000079389000
46,000000000000	0,018936878000	0,182113050000	0,000155933000	0,000079721000
47,000000000000	0,018940466000	0,182082850000	0,000159796000	0,000080385000
48,000000000000	0,018935035000	0,182095500000	0,000164203000	0,000080779000
49,000000000000	0,018937734000	0,182122240000	0,000166956000	0,000081173000
50,000000000000	0,018939545000	0,182079580000	0,000167239000	0,000081526000
51,000000000000	0,018941702000	0,182025090000	0,000167668000	0,000081837000
52,000000000000	0,018939198000	0,182021420000	0,000168045000	0,000082439000
53,000000000000	0,018942743000	0,181999990000	0,000167888000	0,000082522000
54,000000000000	0,018943957000	0,181993050000	0,000168296000	0,000083103000
55,000000000000	0,018943025000	0,182042640000	0,000167867000	0,000083601000
56,000000000000	0,018940922000	0,182038770000	0,000168296000	0,000083913000
57,000000000000	0,018942938000	0,182009990000	0,000168401000	0,000084255000
58,000000000000	0,018943188000	0,181961620000	0,000168265000	0,000084971000
59,000000000000	0,018941746000	0,182002850000	0,000169207000	0,000085033000
60,000000000000	0,018940965000	0,182077540000	0,000169280000	0,000085677000
61,000000000000	0,018942299000	0,182050600000	0,000169322000	0,000086040000
62,000000000000	0,018937875000	0,182052850000	0,000168904000	0,000086247000
63,000000000000	0,018936976000	0,182143460000	0,000169762000	0,000087057000
64,000000000000	0,018933973000	0,182203460000	0,000169521000	0,000087005000
65,000000000000	0,018934970000	0,182212240000	0,000169626000	0,000087638000
66,000000000000	0,018931674000	0,182194070000	0,000170024000	0,000088022000
67,000000000000	0,018932574000	0,182219170000	0,000169615000	0,000088478000
68,000000000000	0,018930471000	0,182289380000	0,000169595000	0,000088821000
69,000000000000	0,018930731000	0,182312030000	0,000170013000	0,000089225000
70,000000000000	0,018929181000	0,182336520000	0,000169260000	0,000089661000
71,000000000000	0,018929441000	0,182319580000	0,000169835000	0,000090035000
72,000000000000	0,018928530000	0,182330810000	0,000169657000	0,000090522000
73,000000000000	0,018924281000	0,182378970000	0,000169354000	0,000090159000
74,000000000000	0,018924357000	0,182433260000	0,000169930000	0,000089765000
75,000000000000	0,018925788000	0,182407750000	0,000169772000	0,000089101000
76,001000000000	0,018927934000	0,182356110000	0,000169846000	0,000089070000
77,000000000000	0,018924931000	0,182369990000	0,000169752000	0,000088374000
78,000000000000	0,018917950000	0,182444680000	0,000170254000	0,000088198000
79,000000000000	0,018922167000	0,182457950000	0,000169626000	0,000087607000
80,000000000000	0,018921180000	0,182450810000	0,000170170000	0,000087150000
81,001000000000	0,018923934000	0,182405500000	0,000169574000	0,000087005000
82,000000000000	0,018923251000	0,182413870000	0,000169835000	0,000086434000
83,000000000000	0,018922394000	0,182422230000	0,000170317000	0,000085967000
84,000000000000	0,018922416000	0,182438150000	0,000169490000	0,000085563000
85,000000000000	0,018923533000	0,182462640000	0,000169741000	0,000084857000
86,000000000000	0,018924649000	0,182417950000	0,000169793000	0,000085033000
87,000000000000	0,018922611000	0,182422850000	0,000169165000	0,000084504000
88,000000000000	0,018921516000	0,182480190000	0,000168914000	0,000084068000
89,000000000000	0,018922047000	0,182506320000	0,000169102000	0,000083487000
90,000000000000	0,018922308000	0,182500600000	0,000168830000	0,000083134000
91,000000000000	0,018920768000	0,182456110000	0,000169123000	0,000082709000
92,000000000000	0,018922080000	0,182439170000	0,000168747000	0,000082533000
93,000000000000	0,018922188000	0,182482850000	0,000168872000	0,000082045000
94,000000000000	0,018922557000	0,182453460000	0,000168537000	0,000081817000
95,000000000000	0,018923977000	0,182388150000	0,000167909000	0,000081225000
96,001000000000	0,018918123000	0,182446520000	0,000168328000	0,000080644000
97,000000000000	0,018919858000	0,182511210000	0,000168391000	0,000080146000
98,000000000000	0,018922394000	0,182526930000	0,000167647000	0,000079980000
99,000000000000	0,018924292000	0,182456520000	0,000168087000	0,000079773000
100,000000000000	0,018923966000	0,182430190000	0,000167626000	0,000079264000
101,000000000000	0,018921440000	0,182466110000	0,000167961000	0,000078891000
102,000000000000	0,018924454000	0,182444890000	0,000167396000	0,000078476000
103,000000000000	0,018925387000	0,182417540000	0,000166799000	0,000078050000
104,000000000000	0,018926818000	0,182382850000	0,000165826000	0,000077386000
105,000000000000	0,018927305000	0,182382030000	0,000164852000	0,000077355000
106,000000000000	0,018927273000	0,182362230000	0,000164046000	0,000076878000
107,000000000000	0,018922904000	0,182351010000	0,000162591000	0,000076151000
108,000000000000	0,018927132000	0,182365910000	0,000156728000	0,000075996000
109,000000000000	0,018929593000	0,182362440000	0,000151578000	0,000075352000
110,000000000000	0,018931685000	0,182333660000	0,000146249000	0,000075155000
111,000000000000	0,018932216000	0,182283870000	0,000144752000	0,000074636000
112,001000000000	0,018932206000	0,182275500000	0,000135079000	0,000074533000
113,000000000000	0,018933051000	0,182302240000	0,000128588000	0,000073952000
114,000000000000	0,018935187000	0,182288360000	0,000125018000	0,000073754000
115,000000000000	0,018936867000	0,182244480000	0,000118559000	0,000073132000
116,000000000000	0,018931067000	0,182294890000	0,000101443000	0,000072748000
117,000000000000	0,018931804000	0,182313870000	0,000088587000	0,000072395000
118,000000000000	0,018932574000	0,182338560000	0,000088158000	0,000072001000
119,000000000000	0,018933192000	0,182308970000	0,000088011000	0,000071617000
120,000000000000	0,018934320000	0,182278970000	0,000081353000	0,000070932000
121,000000000000	0,018935761000	0,182291210000	0,000076506000	0,000070911000
122,000000000000	0,018934786000	0,182305910000	0,000075993000	0,000070538000
123,000000000000	0,018938233000	0,182277950000	0,000076286000	0,000069801000
124,000000000000	0,018938461000	0,182255500000	0,000076297000	0,000069635000
125,000000000000	0,018936206000	0,182256320000	0,000075292000	0,000069054000
126,000000000000	0,018939068000	0,182222030000	0,000075888000	0,000068504000
127,000000000000	0,018935382000	0,182282240000	0,000075627000	0,000068348000
128,000000000000	0,018935957000	0,182263460000	0,000075752000	0,000067570000
129,000000000000	0,018937355000	0,182255090000	0,000075972000	0,000067601000
130,000000000000	0,018937572000	0,182253260000	0,000076108000	0,000066906000
131,000000000000	0,018937030000	0,182255910000	0,000075742000	0,000066626000
132,000000000000	0,018936477000	0,182235700000	0,000076087000	0,000066138000
133,000000000000	0,018939209000	0,182201620000	0,000075501000	0,000066491000
134,000000000000	0,018940835000	0,182231010000	0,000075135000	0,000066968000
135,000000000000	0,018940011000	0,182253050000	0,000075899000	0,000067331000
136,001000000000	0,018935100000	0,182337950000	0,000075051000	0,000067767000
137,000000000000	0,018936032000	0,182335090000	0,000075857000	0,000068089000
138,000000000000	0,018930124000	0,182362440000	0,000075825000	0,000068494000
139,001000000000	0,018929582000	0,182415910000	0,000075490000	0,000069054000
140,000000000000	0,018926113000	0,182481010000	0,000075648000	0,000069427000
141,000000000000	0,018929506000	0,182454680000	0,000075993000	0,000069770000
142,000000000000	0,018927446000	0,182479380000	0,000075815000	0,000070112000
143,000000000000	0,018925527000	0,182510400000	0,000076443000	0,000070641000
144,000000000000	0,018924107000	0,182530190000	0,000076003000	0,000070984000
145,001000000000	0,018926601000	0,182534070000	0,000076098000	0,000072696000
146,000000000000	0,018924606000	0,182567950000	0,000076328000	0,000071866000
147,000000000000	0,018927089000	0,182570600000	0,000076349000	0,000072260000
148,000000000000	0,018922936000	0,182572850000	0,000076935000	0,000072758000
149,000000000000	0,018920465000	0,182636930000	0,000076328000	0,000073007000
150,000000000000	0,018920215000	0,182657540000	0,000076391000	0,000073474000
151,000000000000	0,018922427000	0,182647950000	0,000076684000	0,000073775000
152,000000000000	0,018920161000	0,182641010000	0,000076401000	0,000074201000
153,000000000000	0,018921495000	0,182650190000	0,000076422000	0,000074647000
154,000000000000	0,018919988000	0,182643660000	0,000077752000	0,000075269000
155,000000000000	0,018919619000	0,182666520000	0,000077207000	0,000075612000
156,000000000000	0,018918578000	0,182656930000	0,000076736000	0,000076162000
157,000000000000	0,018920302000	0,182628970000	0,000078244000	0,000076297000
158,000000000000	0,018921907000	0,182572850000	0,000080871000	0,000076763000
159,000000000000	0,018924129000	0,182553460000	0,000095685000	0,000076878000
160,000000000000	0,018925625000	0,182501210000	0,000121375000	0,000077614000
161,000000000000	0,018925473000	0,182505300000	0,000135571000	0,000077988000
162,000000000000	0,018925452000	0,182505910000	0,000141381000	0,000078600000
163,000000000000	0,018929528000	0,182458560000	0,000145391000	0,000078745000
164,000000000000	0,018926612000	0,182485700000	0,000150133000	0,000079202000
165,001000000000	0,018929159000	0,182431210000	0,000153117000	0,000079648000
166,000000000000	0,018929051000	0,182432440000	0,000156320000	0,000080084000
167,000000000000	0,018928758000	0,182414480000	0,000160968000	0,000080374000
168,000000000000	0,018933441000	0,182394890000	0,000165449000	0,000080935000
169,000000000000	0,018931176000	0,182365500000	0,000167249000	0,000081298000
170,000000000000	0,018932075000	0,182369790000	0,000167291000	0,000081661000
171,000000000000	0,018932921000	0,182323460000	0,000167427000	0,000081941000
172,000000000000	0,018933506000	0,182324070000	0,000167920000	0,000082387000
173,000000000000	0,018935892000	0,182309580000	0,000168275000	0,000082792000
174,000000000000	0,018931598000	0,182319170000	0,000167522000	0,000083352000
175,001000000000	0,018932368000	0,182362850000	0,000167909000	0,000083539000
176,000000000000	0,018933225000	0,182336720000	0,000167658000	0,000084037000
177,000000000000	0,018934580000	0,182355500000	0,000168265000	0,000084442000
178,000000000000	0,018931360000	0,182340400000	0,000168338000	0,000085106000
179,000000000000	0,018933918000	0,182323660000	0,000168453000	0,000085282000
180,000000000000	0,018934580000	0,182364480000	0,000168590000	0,000085604000
181,000000000000	0,018932607000	0,182412230000	0,000168904000	0,000086071000
182,000000000000	0,018931414000	0,182399380000	0,000168767000	0,000086476000
183,000000000000	0,018930113000	0,182395500000	0,000169176000	0,000086880000
184,000000000000	0,018932065000	0,182372640000	0,000168809000	0,000087285000
185,000000000000	0,018931750000	0,182348560000	0,000169909000	0,000087669000
186,000000000000	0,018931729000	0,182353660000	0,000169385000	0,000088271000
187,000000000000	0,018929181000	0,182367540000	0,000169479000	0,000088364000
188,000000000000	0,018927739000	0,182384070000	0,000169888000	0,000088987000
189,000000000000	0,018926796000	0,182440810000	0,000169814000	0,000089661000
190,000000000000	0,018927967000	0,182441830000	0,000169322000	0,000089786000
191,000000000000	0,018926969000	0,182428770000	0,000169752000	0,000090336000
192,000000000000	0,018927078000	0,182449790000	0,000170275000	0,000090398000
193,000000000000	0,018930146000	0,182414280000	0,000169636000	0,000090024000
194,000000000000	0,018927912000	0,182379790000	0,000169689000	0,000089537000
195,000000000000	0,018926015000	0,182383870000	0,000169668000	0,000089381000
196,001000000000	0,018928335000	0,182390810000	0,000169888000	0,000088758000
197,000000000000	0,018924996000	0,182400600000	0,000169511000	0,000088374000
198,000000000000	0,018927186000	0,182414680000	0,000169615000	0,000088302000
199,000000000000	0,018929419000	0,182409170000	0,000168799000	0,000087721000
200,000000000000	0,018933149000	0,182385300000	0,000169793000	0,000087399000
201,000000000000	0,018930102000	0,182395910000	0,000169343000	0,000086974000
202,000000000000	0,018934038000	0,182345500000	0,000168925000	0,000086548000
203,000000000000	0,018933593000	0,182338970000	0,000169731000	0,000086206000
204,001000000000	0,018934146000	0,182357130000	0,000169113000	0,000085573000
205,000000000000	0,018933149000	0,182366930000	0,000169354000	0,000085106000
206,000000000000	0,018934862000	0,182343660000	0,000169113000	0,000084961000
207,000000000000	0,018935772000	0,182335300000	0,000169176000	0,000084494000
208,000000000000	0,018933441000	0,182362230000	0,000168548000	0,000083892000
209,000000000000	0,018938190000	0,182350190000	0,000168862000	0,000083467000
210,000000000000	0,018935642000	0,182332850000	0,000168464000	0,000083259000
211,000000000000	0,018934168000	0,182341830000	0,000168610000	0,000082885000
212,000000000000	0,018937865000	0,182323050000	0,000169165000	0,000082336000
213,000000000000	0,018936434000	0,182331210000	0,000168684000	0,000081723000
214,000000000000	0,018936282000	0,182310190000	0,000168558000	0,000081765000
215,000000000000	0,018937160000	0,182272850000	0,000168809000	0,000081464000
216,001000000000	0,018936542000	0,182301620000	0,000168548000	0,000080675000
217,000000000000	0,018936835000	0,182328770000	0,000168192000	0,000080291000
218,000000000000	0,018938797000	0,182280810000	0,000168338000	0,000079897000
219,000000000000	0,018938483000	0,182255090000	0,000167689000	0,000080198000
220,000000000000	0,018937669000	0,182264680000	0,000168234000	0,000079358000
221,001000000000	0,018939491000	0,182266110000	0,000167972000	0,000078880000
222,000000000000	0,018938526000	0,182276520000	0,000167365000	0,000078361000
223,000000000000	0,018938916000	0,182295090000	0,000166496000	0,000077915000
224,000000000000	0,018939274000	0,182296320000	0,000166035000	0,000077479000
225,000000000000	0,018938211000	0,182326720000	0,000163920000	0,000077355000
226,000000000000	0,018937268000	0,182349380000	0,000164193000	0,000076701000
227,000000000000	0,018938006000	0,182331010000	0,000162580000	0,000076307000
228,000000000000	0,018936802000	0,182351420000	0,000153661000	0,000075809000
229,000000000000	0,018936011000	0,182365500000	0,000147610000	0,000075352000
230,000000000000	0,018934992000	0,182357540000	0,000144846000	0,000075000000
231,000000000000	0,018936488000	0,182380190000	0,000144595000	0,000074730000
232,000000000000	0,018932628000	0,182392230000	0,000134943000	0,000074418000
233,000000000000	0,018934948000	0,182396320000	0,000128379000	0,000073962000
234,000000000000	0,018934493000	0,182419380000	0,000124149000	0,000072447000
235,000000000000	0,018931859000	0,182425500000	0,000118695000	0,000072955000
236,000000000000	0,018934558000	0,182415500000	0,000101244000	0,000072758000
237,000000000000	0,018932422000	0,182437130000	0,000088618000	0,000072343000
238,000000000000	0,018933225000	0,182448970000	0,000087865000	0,000071918000
239,000000000000	0,018929040000	0,182442030000	0,000088022000	0,000071482000
240,000000000000	0,018931273000	0,182397750000	0,000082578000	0,000070994000
241,000000000000	0,018929549000	0,182443870000	0,000076223000	0,000070538000
242,000000000000	0,018930905000	0,182423050000	0,000075543000	0,000070226000
243,000000000000	0,018933745000	0,182435700000	0,000075668000	0,000069811000
244,000000000000	0,018933951000	0,182430810000	0,000075679000	0,000069728000
245,000000000000	0,018929788000	0,182466720000	0,000076087000	0,000069137000
246,000000000000	0,018933051000	0,182469580000	0,000075878000	0,000068556000
247,000000000000	0,018930796000	0,182477950000	0,000075993000	0,000068047000
248,000000000000	0,018926731000	0,182484070000	0,000076003000	0,000067695000
249,000000000000	0,018925343000	0,182567340000	0,000076077000	0,000067425000
250,000000000000	0,018925527000	0,182548770000	0,000075532000	0,000067093000
251,000000000000	0,018925625000	0,182529990000	0,000075648000	0,000066657000
252,000000000000	0,018929007000	0,182466320000	0,000075030000	0,000066273000
253,000000000000	0,018930829000	0,182481620000	0,000075763000	0,000066522000
254,000000000000	0,018930308000	0,182452850000	0,000075972000	0,000066968000
255,000000000000	0,018927186000	0,182416320000	0,000075606000	0,000067414000
256,000000000000	0,018930493000	0,182411830000	0,000075449000	0,000068006000
257,000000000000	0,018932021000	0,182408970000	0,000075794000	0,000068245000
258,000000000000	0,018929105000	0,182409380000	0,000076265000	0,000068992000
259,000000000000	0,018930601000	0,182420810000	0,000075857000	0,000069189000
260,000000000000	0,018929235000	0,182418560000	0,000075920000	0,000069542000
261,000000000000	0,018931761000	0,182398150000	0,000075962000	0,000069791000
262,000000000000	0,018930211000	0,182407540000	0,000075805000	0,000070320000
263,001000000000	0,018930959000	0,182369990000	0,000075511000	0,000070486000
264,000000000000	0,018935870000	0,182387950000	0,000076318000	0,000071108000
265,001000000000	0,018935122000	0,182366110000	0,000076223000	0,000071440000
266,000000000000	0,018934829000	0,182367540000	0,000076380000	0,000071907000
267,000000000000	0,018935263000	0,182345300000	0,000076412000	0,000072457000
268,000000000000	0,018936130000	0,182320190000	0,000076276000	0,000072748000
269,000000000000	0,018937084000	0,182292240000	0,000076537000	0,000073090000
270,000000000000	0,018940510000	0,182273460000	0,000076297000	0,000073516000
271,000000000000	0,018938006000	0,182286520000	0,000076192000	0,000073962000
272,000000000000	0,018940737000	0,182244680000	0,000076422000	0,000074491000
273,000000000000	0,018939393000	0,182279380000	0,000076893000	0,000074730000
274,000000000000	0,018939512000	0,182317950000	0,000076286000	0,000075332000
275,000000000000	0,018936032000	0,182314070000	0,000076872000	0,000075498000
276,001000000000	0,018937572000	0,182305090000	0,000077406000	0,000075881000
277,000000000000	0,018939447000	0,182271830000	0,000077553000	0,000076380000
278,000000000000	0,018939523000	0,182288150000	0,000079908000	0,000076826000
279,000000000000	0,018937756000	0,182305810000	0,000091141000	0,000077044000
280,000000000000	0,018939426000	0,182312230000	0,000115931000	0,000077521000
281,000000000000	0,018938461000	0,182265500000	0,000132818000	0,000078081000
282,000000000000	0,018937192000	0,182286520000	0,000140261000	0,000078278000
283,000000000000	0,018941930000	0,182294480000	0,000144794000	0,000078766000
284,000000000000	0,018943144000	0,182259380000	0,000148667000	0,000079347000
285,000000000000	0,018940575000	0,182246320000	0,000153179000	0,000079451000
286,000000000000	0,018940282000	0,182272240000	0,000155786000	0,000080042000
287,000000000000	0,018940000000	0,182248560000	0,000160078000	0,000080509000
288,000000000000	0,018938905000	0,182278260000	0,000164454000	0,000080779000
289,000000000000	0,018940759000	0,182257750000	0,000166820000	0,000081142000
290,000000000000	0,018940195000	0,182286520000	0,000167323000	0,000081568000
291,001000000000	0,018937323000	0,182337540000	0,000167145000	0,000082076000
292,000000000000	0,018940293000	0,182306720000	0,000167030000	0,000082387000
293,000000000000	0,018936889000	0,182298970000	0,000167783000	0,000082834000
294,000000000000	0,018940206000	0,182295910000	0,000167564000	0,000083415000
295,000000000000	0,018939979000	0,182305910000	0,000168066000	0,000083591000
296,000000000000	0,018938797000	0,182305700000	0,000167804000	0,000083840000
297,000000000000	0,018939567000	0,182277130000	0,000168883000	0,000084286000
298,000000000000	0,018937388000	0,182263460000	0,000168537000	0,000084795000
299,000000000000	0,018936954000	0,182303460000	0,000168621000	0,000085386000
300,000000000000	0,018936932000	0,182292440000	0,000168883000	0,000085739000
301,000000000000	0,018939404000	0,182298560000	0,000168317000	0,000085957000
302,000000000000	0,018939491000	0,182296520000	0,000168977000	0,000086486000
303,000000000000	0,018940185000	0,182281210000	0,000168862000	0,000086808000
304,000000000000	0,018939512000	0,182296110000	0,000169050000	0,000087368000
305,000000000000	0,018939805000	0,182297540000	0,000169364000	0,000087669000
306,000000000000	0,018941139000	0,182295700000	0,000169343000	0,000088177000
307,000000000000	0,018938981000	0,182283660000	0,000168935000	0,000088520000
308,000000000000	0,018938211000	0,182306320000	0,000169102000	0,000088810000
309,000000000000	0,018939610000	0,182274280000	0,000169574000	0,000089454000
310,000000000000	0,018940174000	0,182303870000	0,000169584000	0,000089889000
311,000000000000	0,018939567000	0,182272440000	0,000169563000	0,000090087000
312,000000000000	0,018940607000	0,182256520000	0,000169741000	0,000090595000
313,000000000000	0,018937236000	0,182265700000	0,000168935000	0,000090138000
314,001000000000	0,018939827000	0,182235910000	0,000169333000	0,000089651000
315,000000000000	0,018936683000	0,182255300000	0,000168956000	0,000089163000
316,000000000000	0,018938136000	0,182276720000	0,000169741000	0,000088841000
317,000000000000	0,018939610000	0,182277950000	0,000169333000	0,000088395000
318,000000000000	0,018937691000	0,182307340000	0,000169930000	0,000088229000
319,000000000000	0,018939512000	0,182257340000	0,000169793000	0,000087690000
320,000000000000	0,018939285000	0,182296110000	0,000169699000	0,000087160000
321,000000000000	0,018936737000	0,182319990000	0,000168987000	0,000086714000
322,000000000000	0,018938623000	0,182294070000	0,000169071000	0,000086642000
323,000000000000	0,018936867000	0,182317540000	0,000169542000	0,000086029000
324,000000000000	0,018936011000	0,182361210000	0,000169532000	0,000085708000
325,001000000000	0,018936640000	0,182341830000	0,000169605000	0,000084930000
326,000000000000	0,018937789000	0,182328150000	0,000169595000	0,000084826000
327,000000000000	0,018933268000	0,182346320000	0,000168778000	0,000084556000
328,000000000000	0,018936932000	0,182345300000	0,000169280000	0,000084110000
329,000000000000	0,018940195000	0,182306930000	0,000168977000	0,000083591000
330,000000000000	0,018935978000	0,182330190000	0,000168977000	0,000083103000
331,000000000000	0,018938840000	0,182318560000	0,000168726000	0,000082875000
332,000000000000	0,018936889000	0,182324890000	0,000169008000	0,000082616000
333,000000000000	0,018937398000	0,182365500000	0,000169071000	0,000081837000
334,000000000000	0,018937442000	0,182320190000	0,000168453000	0,000081588000
335,000000000000	0,018938992000	0,182300190000	0,000168610000	0,000081070000
336,000000000000	0,018939946000	0,182344280000	0,000167961000	0,000080623000
337,000000000000	0,018937626000	0,182343870000	0,000168600000	0,000080291000
338,000000000000	0,018939100000	0,182338360000	0,000168443000	0,000080177000
339,000000000000	0,018937680000	0,182313870000	0,000168202000	0,000079575000
340,000000000000	0,018937886000	0,182299170000	0,000167899000	0,000079306000
341,000000000000	0,018941713000	0,182255300000	0,000167878000	0,000078631000
342,000000000000	0,018940521000	0,182231830000	0,000167134000	0,000078403000
343,000000000000	0,018944174000	0,182217750000	0,000166339000	0,000078164000
344,000000000000	0,018939989000	0,182269380000	0,000165533000	0,000077511000
345,000000000000	0,018939415000	0,182297750000	0,000164884000	0,000076940000
346,000000000000	0,018938179000	0,182255700000	0,000163523000	0,000076753000
347,000000000000	0,018940542000	0,182228150000	0,000162214000	0,000076535000
348,000000000000	0,018941117000	0,182224680000	0,000156404000	0,000075996000
349,000000000000	0,018940228000	0,182244890000	0,000152185000	0,000075383000
350,001000000000	0,018936618000	0,182295700000	0,000147956000	0,000075207000
351,000000000000	0,018939122000	0,182271420000	0,000142742000	0,000074802000
352,000000000000	0,018942678000	0,182265700000	0,000132776000	0,000074159000
353,000000000000	0,018941789000	0,182272640000	0,000131436000	0,000073879000
354,000000000000	0,018940737000	0,182268150000	0,000126913000	0,000073485000
355,000000000000	0,018941702000	0,182248970000	0,000119145000	0,000073173000
356,000000000000	0,018941843000	0,182266720000	0,000101369000	0,000072904000
357,000000000000	0,018941345000	0,182269380000	0,000088681000	0,000072416000
358,000000000000	0,018942006000	0,182252030000	0,000087844000	0,000071949000
359,000000000000	0,018940195000	0,182231210000	0,000086839000	0,000071523000
360,000000000000	0,018940293000	0,182260600000	0,000081824000	0,000071025000
361,000000000000	0,018944087000	0,182232240000	0,000075773000	0,000070631000
362,000000000000	0,018940109000	0,182215090000	0,000075899000	0,000070330000
363,000000000000	0,018943057000	0,182190810000	0,000075909000	0,000069728000
364,000000000000	0,018946169000	0,182191830000	0,000076527000	0,000069293000
365,001000000000	0,018944174000	0,182208560000	0,000075805000	0,000069064000
366,000000000000	0,018945453000	0,182182440000	0,000075825000	0,000068442000
367,000000000000	0,018947329000	0,182179170000	0,000075710000	0,000068442000
368,000000000000	0,018945854000	0,182197540000	0,000075260000	0,000067850000
369,000000000000	0,018946158000	0,182176110000	0,000075239000	0,000067373000
370,001000000000	0,018943740000	0,182177540000	0,000076024000	0,000066948000
371,000000000000	0,018947665000	0,182111620000	0,000075480000	0,000066678000
372,000000000000	0,018944922000	0,182115700000	0,000075511000	0,000066294000
373,000000000000	0,018946657000	0,182114890000	0,000075710000	0,000066470000
374,000000000000	0,018945789000	0,182116320000	0,000075428000	0,000067051000
375,000000000000	0,018946180000	0,182140400000	0,000075742000	0,000067373000
376,000000000000	0,018943686000	0,182169380000	0,000076035000	0,000067549000
